1.730000	1.730000	
2.390000	2.390000	
3.040000	3.040000	
3.690000	3.690000	
4.340000	4.340000	
5.000000	5.000000	
5.670000	5.670000	
6.300000	6.300000	
6.950000	6.950000	
7.600000	7.600000	
8.250000	8.250000	
8.900000	8.900000	
9.560000	9.560000	
10.210000	10.210000	
10.880000	10.880000	
11.510000	11.510000	
12.170000	12.170000	
12.820000	12.820000	
13.470000	13.470000	
14.120000	14.120000	
14.770000	14.770000	
15.430000	15.430000	
16.100000	16.100000	
16.730000	16.730000	
17.380000	17.380000	
18.030000	18.030000	
18.680000	18.680000	
19.340000	19.340000	
19.990000	19.990000	
20.650000	20.650000	
21.320000	21.320000	
21.950000	21.950000	
22.600000	22.600000	
23.250000	23.250000	
23.900000	23.900000	
24.560000	24.560000	
25.210000	25.210000	
25.860000	25.860000	
26.510000	26.510000	
27.160000	27.160000	
27.810000	27.810000	
28.460000	28.460000	
29.090000	29.090000	
29.760000	29.760000	
30.410000	30.410000	
31.070000	31.070000	
31.740000	31.740000	
32.380000	32.380000	
33.030000	33.030000	
33.680000	33.680000	
34.310000	34.310000	
34.980000	34.980000	
35.640000	35.640000	
36.300000	36.300000	
36.970000	36.970000	
37.600000	37.600000	
38.250000	38.250000	
38.900000	38.900000	
39.560000	39.560000	
40.210000	40.210000	
40.860000	40.860000	
41.510000	41.510000	
42.140000	42.140000	
42.810000	42.810000	
43.470000	43.470000	
44.120000	44.120000	
44.770000	44.770000	
45.420000	45.420000	
46.080000	46.080000	
46.730000	46.730000	
47.400000	47.400000	
48.040000	48.040000	
48.690000	48.690000	
49.340000	49.340000	
49.990000	49.990000	
50.640000	50.640000	
51.290000	51.290000	
51.950000	51.950000	
52.620000	52.620000	
53.250000	53.250000	
53.900000	53.900000	
54.550000	54.550000	
55.200000	55.200000	
55.860000	55.860000	
56.510000	56.510000	
57.170000	57.170000	
57.820000	57.820000	
58.470000	58.470000	
59.120000	59.120000	
59.770000	59.770000	
60.430000	60.430000	
61.080000	61.080000	
61.730000	61.730000	
62.390000	62.390000	
63.050000	63.050000	
63.690000	63.690000	
64.340000	64.340000	
64.990000	64.990000	
65.640000	65.640000	
66.290000	66.290000	
66.950000	66.950000	
67.600000	67.600000	
68.270000	68.270000	
68.910000	68.910000	
69.560000	69.560000	
70.210000	70.210000	
70.870000	70.870000	
71.510000	71.510000	
72.170000	72.170000	
72.820000	72.820000	
73.490000	73.490000	
74.120000	74.120000	
74.770000	74.770000	
75.420000	75.420000	
76.070000	76.070000	
76.730000	76.730000	
77.380000	77.380000	
78.040000	78.040000	
78.700000	78.700000	
79.340000	79.340000	
79.980000	79.980000	
80.640000	80.640000	
81.290000	81.290000	
81.950000	81.950000	
82.600000	82.600000	
83.260000	83.260000	
83.920000	83.920000	
84.560000	84.560000	
85.210000	85.210000	
85.860000	85.860000	
86.520000	86.520000	
87.170000	87.170000	
87.820000	87.820000	
88.470000	88.470000	
89.140000	89.140000	
89.780000	89.780000	
90.430000	90.430000	
91.080000	91.080000	
91.760000	91.760000	
92.380000	92.380000	
93.040000	93.040000	
93.690000	93.690000	
94.360000	94.360000	
94.990000	94.990000	
95.640000	95.640000	
96.300000	96.300000	
96.980000	96.980000	
97.600000	97.600000	
98.260000	98.260000	
98.910000	98.910000	
99.560000	99.560000	
100.210000	100.210000	
100.860000	100.860000	
101.520000	101.520000	
102.180000	102.180000	
102.820000	102.820000	
103.470000	103.470000	
104.120000	104.120000	
104.770000	104.770000	
105.430000	105.430000	
106.080000	106.080000	
106.730000	106.730000	
107.390000	107.390000	
108.040000	108.040000	
108.690000	108.690000	
109.340000	109.340000	
110.000000	110.000000	
110.650000	110.650000	
111.300000	111.300000	
111.950000	111.950000	
112.600000	112.600000	
113.250000	113.250000	
113.900000	113.900000	
114.560000	114.560000	
115.230000	115.230000	
115.860000	115.860000	
116.510000	116.510000	
117.170000	117.170000	
117.820000	117.820000	
118.470000	118.470000	
119.120000	119.120000	
119.780000	119.780000	
120.450000	120.450000	
121.080000	121.080000	
121.730000	121.730000	
122.380000	122.380000	
123.030000	123.030000	
123.670000	123.670000	
124.340000	124.340000	
124.990000	124.990000	
125.660000	125.660000	
126.300000	126.300000	
126.950000	126.950000	
127.600000	127.600000	
128.250000	128.250000	
128.900000	128.900000	
129.560000	129.560000	
130.210000	130.210000	
130.860000	130.860000	
131.510000	131.510000	
132.160000	132.160000	
132.810000	132.810000	
133.450000	133.450000	
134.120000	134.120000	
134.770000	134.770000	
135.430000	135.430000	
136.100000	136.100000	
136.730000	136.730000	
137.380000	137.380000	
138.030000	138.030000	
138.680000	138.680000	
139.340000	139.340000	
139.990000	139.990000	
140.650000	140.650000	
141.320000	141.320000	
141.950000	141.950000	
142.600000	142.600000	
143.250000	143.250000	
143.900000	143.900000	
144.560000	144.560000	
145.210000	145.210000	
145.860000	145.860000	
146.510000	146.510000	
147.170000	147.170000	
147.820000	147.820000	
148.470000	148.470000	
149.110000	149.110000	
149.770000	149.770000	
150.430000	150.430000	
151.080000	151.080000	
151.720000	151.720000	
152.380000	152.380000	
153.040000	153.040000	
153.690000	153.690000	
154.340000	154.340000	
154.990000	154.990000	
155.640000	155.640000	
156.300000	156.300000	
156.950000	156.950000	
157.600000	157.600000	
158.250000	158.250000	
158.910000	158.910000	
159.560000	159.560000	
160.210000	160.210000	
160.860000	160.860000	
161.510000	161.510000	
162.160000	162.160000	
162.820000	162.820000	
163.470000	163.470000	
164.120000	164.120000	
164.760000	164.760000	
165.430000	165.430000	
166.080000	166.080000	
166.730000	166.730000	
167.380000	167.380000	
168.040000	168.040000	
168.690000	168.690000	
169.340000	169.340000	
170.010000	170.010000	
170.650000	170.650000	
171.300000	171.300000	
171.950000	171.950000	
172.600000	172.600000	
173.250000	173.250000	
173.910000	173.910000	
174.560000	174.560000	
175.200000	175.200000	
175.860000	175.860000	
176.510000	176.510000	
177.170000	177.170000	
177.830000	177.830000	
178.470000	178.470000	
179.120000	179.120000	
179.770000	179.770000	
180.420000	180.420000	
181.080000	181.080000	
181.730000	181.730000	
182.390000	182.390000	
183.050000	183.050000	
183.690000	183.690000	
184.340000	184.340000	
184.990000	184.990000	
185.640000	185.640000	
186.300000	186.300000	
186.950000	186.950000	
187.600000	187.600000	
188.270000	188.270000	
188.910000	188.910000	
189.560000	189.560000	
190.210000	190.210000	
190.870000	190.870000	
191.530000	191.530000	
192.160000	192.160000	
192.820000	192.820000	
193.490000	193.490000	
194.120000	194.120000	
194.770000	194.770000	
195.430000	195.430000	
196.080000	196.080000	
196.730000	196.730000	
197.380000	197.380000	
198.040000	198.040000	
198.710000	198.710000	
199.340000	199.340000	
199.990000	199.990000	
200.640000	200.640000	
201.290000	201.290000	
201.950000	201.950000	
202.600000	202.600000	
203.260000	203.260000	
203.930000	203.930000	
204.560000	204.560000	
205.200000	205.200000	
205.860000	205.860000	
206.530000	206.530000	
207.170000	207.170000	
207.820000	207.820000	
208.470000	208.470000	
209.120000	209.120000	
209.780000	209.780000	
210.430000	210.430000	
211.080000	211.080000	
211.730000	211.730000	
212.380000	212.380000	
213.030000	213.030000	
213.680000	213.680000	
214.330000	214.330000	
214.990000	214.990000	
215.640000	215.640000	
216.290000	216.290000	
216.940000	216.940000	
217.600000	217.600000	
218.250000	218.250000	
218.900000	218.900000	
219.560000	219.560000	
220.210000	220.210000	
220.860000	220.860000	
221.510000	221.510000	
222.170000	222.170000	
222.820000	222.820000	
223.470000	223.470000	
224.120000	224.120000	
224.760000	224.760000	
225.420000	225.420000	
226.080000	226.080000	
226.730000	226.730000	
227.390000	227.390000	
228.040000	228.040000	
228.690000	228.690000	
229.340000	229.340000	
229.980000	229.980000	
230.640000	230.640000	
231.300000	231.300000	
231.950000	231.950000	
232.590000	232.590000	
233.250000	233.250000	
233.910000	233.910000	
234.560000	234.560000	
235.210000	235.210000	
235.860000	235.860000	
236.510000	236.510000	
237.160000	237.160000	
237.810000	237.810000	
238.470000	238.470000	
239.120000	239.120000	
239.770000	239.770000	
240.420000	240.420000	
241.080000	241.080000	
241.730000	241.730000	
242.380000	242.380000	
243.030000	243.030000	
243.690000	243.690000	
244.340000	244.340000	
244.990000	244.990000	
245.640000	245.640000	
246.300000	246.300000	
246.950000	246.950000	
247.600000	247.600000	
248.250000	248.250000	
248.910000	248.910000	
249.560000	249.560000	
250.210000	250.210000	
250.870000	250.870000	
251.510000	251.510000	
252.170000	252.170000	
252.820000	252.820000	
253.480000	253.480000	
254.120000	254.120000	
254.780000	254.780000	
255.430000	255.430000	
256.100000	256.100000	
256.730000	256.730000	
257.380000	257.380000	
258.030000	258.030000	
258.680000	258.680000	
259.340000	259.340000	
259.990000	259.990000	
260.650000	260.650000	
261.320000	261.320000	
261.950000	261.950000	
262.600000	262.600000	
263.250000	263.250000	
263.900000	263.900000	
264.560000	264.560000	
265.210000	265.210000	
265.870000	265.870000	
266.533344	266.533344	
267.170000	267.170000	
267.820000	267.820000	
