1.763000	1.763000	
2.170000	2.170000	
2.630000	2.630000	
3.080000	3.080000	
3.540000	3.540000	
4.000000	4.000000	
4.450000	4.450000	
4.910000	4.910000	
5.370000	5.370000	
5.830000	5.830000	
6.290000	6.290000	
6.750000	6.750000	
7.210000	7.210000	
7.660000	7.660000	
8.120000	8.120000	
8.580000	8.580000	
9.040000	9.040000	
9.490000	9.490000	
9.950000	9.950000	
10.410000	10.410000	
10.870000	10.870000	
11.330000	11.330000	
11.790000	11.790000	
12.240000	12.240000	
12.700000	12.700000	
13.160000	13.160000	
13.620000	13.620000	
14.070000	14.070000	
14.530000	14.530000	
14.990000	14.990000	
15.440000	15.440000	
15.900000	15.900000	
16.360000	16.360000	voice enters
16.820000	16.820000	
17.270000	17.270000	
17.730000	17.730000	
18.190000	18.190000	
18.650000	18.650000	
19.100000	19.100000	
19.560000	19.560000	
20.020000	20.020000	
20.480000	20.480000	
20.940000	20.940000	
21.400000	21.400000	
21.850000	21.850000	
22.310000	22.310000	
22.770000	22.770000	
23.230000	23.230000	
23.690000	23.690000	
24.150000	24.150000	
24.600000	24.600000	
25.060000	25.060000	
25.520000	25.520000	
25.980000	25.980000	
26.440000	26.440000	
26.890000	26.890000	
27.350000	27.350000	
27.810000	27.810000	
28.270000	28.270000	
28.730000	28.730000	
29.180000	29.180000	
29.640000	29.640000	
30.100000	30.100000	
30.560000	30.560000	
31.020000	31.020000	
31.480000	31.480000	
31.930000	31.930000	
32.390000	32.390000	
32.850000	32.850000	
33.310000	33.310000	
33.760000	33.760000	
34.220000	34.220000	
34.680000	34.680000	
35.140000	35.140000	
35.590000	35.590000	
36.050000	36.050000	
36.510000	36.510000	
36.970000	36.970000	
37.430000	37.430000	
37.890000	37.890000	
38.350000	38.350000	
38.810000	38.810000	
39.260000	39.260000	
39.720000	39.720000	
40.180000	40.180000	
40.640000	40.640000	
41.100000	41.100000	
41.560000	41.560000	
42.010000	42.010000	
42.470000	42.470000	
42.930000	42.930000	
43.390000	43.390000	
43.840000	43.840000	
44.300000	44.300000	
44.760000	44.760000	
45.220000	45.220000	
45.680000	45.680000	
46.130000	46.130000	
46.590000	46.590000	
47.050000	47.050000	
47.510000	47.510000	
47.970000	47.970000	
48.420000	48.420000	
48.880000	48.880000	
49.340000	49.340000	
49.800000	49.800000	
50.260000	50.260000	
50.710000	50.710000	
51.170000	51.170000	
51.630000	51.630000	
52.090000	52.090000	
52.550000	52.550000	
53.000000	53.000000	
53.460000	53.460000	
53.920000	53.920000	
54.380000	54.380000	
54.840000	54.840000	
55.290000	55.290000	
55.750000	55.750000	
56.210000	56.210000	
56.670000	56.670000	
57.130000	57.130000	
57.580000	57.580000	
58.040000	58.040000	
58.500000	58.500000	
58.960000	58.960000	
59.410000	59.410000	
59.870000	59.870000	
60.330000	60.330000	
60.790000	60.790000	
61.240000	61.240000	
61.700000	61.700000	
62.160000	62.160000	
62.620000	62.620000	
63.080000	63.080000	
63.530000	63.530000	
63.990000	63.990000	
64.450000	64.450000	
64.910000	64.910000	
65.370000	65.370000	
65.830000	65.830000	
66.290000	66.290000	
66.750000	66.750000	
67.200000	67.200000	
67.660000	67.660000	
68.120000	68.120000	
68.580000	68.580000	
69.040000	69.040000	
69.490000	69.490000	
69.950000	69.950000	
70.410000	70.410000	
70.870000	70.870000	
71.320000	71.320000	
71.780000	71.780000	
72.240000	72.240000	
72.700000	72.700000	
73.160000	73.160000	
73.620000	73.620000	
74.070000	74.070000	
74.520000	74.520000	
74.990000	74.990000	
75.450000	75.450000	
75.910000	75.910000	
76.360000	76.360000	
76.820000	76.820000	
77.280000	77.280000	
77.740000	77.740000	
78.200000	78.200000	
78.650000	78.650000	
79.110000	79.110000	
79.570000	79.570000	
80.030000	80.030000	
80.490000	80.490000	
80.950000	80.950000	
81.400000	81.400000	
81.860000	81.860000	
82.320000	82.320000	
82.780000	82.780000	
83.240000	83.240000	
83.690000	83.690000	
84.150000	84.150000	
84.610000	84.610000	
85.070000	85.070000	
85.530000	85.530000	
86.000000	86.000000	
86.450000	86.450000	
86.920000	86.920000	
87.400000	87.400000	
87.850000	87.850000	
88.300000	88.300000	
88.740000	88.740000	
89.190000	89.190000	
89.640000	89.640000	
90.100000	90.100000	
90.560000	90.560000	
91.020000	91.020000	
91.470000	91.470000	
91.930000	91.930000	
92.390000	92.390000	
92.850000	92.850000	
93.310000	93.310000	
93.760000	93.760000	
94.220000	94.220000	
94.680000	94.680000	
95.140000	95.140000	
95.590000	95.590000	
96.050000	96.050000	
96.510000	96.510000	
96.970000	96.970000	
97.430000	97.430000	
97.890000	97.890000	
98.350000	98.350000	
98.800000	98.800000	
99.260000	99.260000	
99.720000	99.720000	
100.180000	100.180000	
100.640000	100.640000	
101.100000	101.100000	
101.550000	101.550000	
102.010000	102.010000	
102.470000	102.470000	
102.930000	102.930000	
103.380000	103.380000	
103.840000	103.840000	
104.300000	104.300000	
104.760000	104.760000	
105.220000	105.220000	
105.670000	105.670000	
106.130000	106.130000	
106.590000	106.590000	
107.050000	107.050000	
107.500000	107.500000	
107.960000	107.960000	
108.420000	108.420000	
108.880000	108.880000	
109.340000	109.340000	
109.800000	109.800000	
110.250000	110.250000	
110.710000	110.710000	
111.170000	111.170000	
111.630000	111.630000	
112.090000	112.090000	
112.540000	112.540000	
113.000000	113.000000	
113.460000	113.460000	
113.920000	113.920000	
114.370000	114.370000	
114.830000	114.830000	
115.290000	115.290000	
115.750000	115.750000	
116.210000	116.210000	
116.670000	116.670000	
117.130000	117.130000	
117.580000	117.580000	
118.040000	118.040000	
118.500000	118.500000	
118.960000	118.960000	
119.420000	119.420000	
119.880000	119.880000	
120.330000	120.330000	
120.790000	120.790000	
121.250000	121.250000	
121.700000	121.700000	
122.160000	122.160000	
122.620000	122.620000	
123.070000	123.070000	
123.530000	123.530000	
123.990000	123.990000	
124.450000	124.450000	
124.910000	124.910000	
125.370000	125.370000	
125.830000	125.830000	
126.290000	126.290000	
126.750000	126.750000	
127.200000	127.200000	
127.660000	127.660000	
128.120000	128.120000	
128.570000	128.570000	
129.030000	129.030000	
129.490000	129.490000	
129.950000	129.950000	
130.410000	130.410000	
130.870000	130.870000	
131.320000	131.320000	
131.780000	131.780000	
132.240000	132.240000	
132.690000	132.690000	
133.150000	133.150000	
133.610000	133.610000	
134.070000	134.070000	
134.530000	134.530000	
134.980000	134.980000	
135.440000	135.440000	
135.900000	135.900000	
136.360000	136.360000	
136.820000	136.820000	
137.270000	137.270000	
137.730000	137.730000	
138.190000	138.190000	
138.650000	138.650000	
139.110000	139.110000	
139.570000	139.570000	
140.020000	140.020000	
140.480000	140.480000	
140.940000	140.940000	
141.400000	141.400000	
141.860000	141.860000	
142.320000	142.320000	
142.770000	142.770000	
143.230000	143.230000	
143.690000	143.690000	
144.150000	144.150000	
144.600000	144.600000	
145.060000	145.060000	
145.520000	145.520000	
145.980000	145.980000	
146.430000	146.430000	
146.890000	146.890000	
147.350000	147.350000	
147.810000	147.810000	
148.270000	148.270000	
148.730000	148.730000	
149.180000	149.180000	
149.640000	149.640000	
150.100000	150.100000	
150.560000	150.560000	
151.020000	151.020000	
151.480000	151.480000	
151.930000	151.930000	
152.390000	152.390000	
152.850000	152.850000	
153.310000	153.310000	
153.770000	153.770000	
154.230000	154.230000	
154.690000	154.690000	
155.150000	155.150000	
155.600000	155.600000	
156.050000	156.050000	
156.510000	156.510000	
156.970000	156.970000	
157.430000	157.430000	
157.890000	157.890000	
158.350000	158.350000	
158.810000	158.810000	
159.260000	159.260000	
159.720000	159.720000	
160.180000	160.180000	
160.630000	160.630000	
161.090000	161.090000	
161.550000	161.550000	
162.000000	162.000000	
162.460000	162.460000	
162.930000	162.930000	
163.390000	163.390000	
163.850000	163.850000	
164.300000	164.300000	
164.760000	164.760000	
165.220000	165.220000	
165.680000	165.680000	
166.140000	166.140000	
166.590000	166.590000	
167.050000	167.050000	
167.510000	167.510000	
167.970000	167.970000	
168.420000	168.420000	
168.880000	168.880000	
169.340000	169.340000	
169.800000	169.800000	
170.260000	170.260000	
170.720000	170.720000	
171.180000	171.180000	
171.630000	171.630000	
172.090000	172.090000	
172.550000	172.550000	
173.020000	173.020000	
173.470000	173.470000	
173.920000	173.920000	
174.380000	174.380000	
174.840000	174.840000	
175.290000	175.290000	
175.750000	175.750000	
176.210000	176.210000	
176.670000	176.670000	
177.120000	177.120000	
177.580000	177.580000	
178.040000	178.040000	
178.500000	178.500000	
178.950000	178.950000	
179.410000	179.410000	
179.870000	179.870000	
180.330000	180.330000	
180.780000	180.780000	
181.240000	181.240000	
181.700000	181.700000	
182.160000	182.160000	
182.620000	182.620000	
183.080000	183.080000	
183.530000	183.530000	
183.990000	183.990000	
184.450000	184.450000	
184.910000	184.910000	
185.370000	185.370000	
185.830000	185.830000	
186.290000	186.290000	
186.740000	186.740000	
187.200000	187.200000	
187.660000	187.660000	
188.120000	188.120000	
188.580000	188.580000	
189.040000	189.040000	
189.500000	189.500000	
189.950000	189.950000	
190.410000	190.410000	
190.880000	190.880000	
191.330000	191.330000	
191.780000	191.780000	
192.240000	192.240000	
192.700000	192.700000	
193.160000	193.160000	
193.610000	193.610000	
194.070000	194.070000	
194.530000	194.530000	
194.990000	194.990000	
195.450000	195.450000	
195.910000	195.910000	
196.370000	196.370000	
196.820000	196.820000	
197.280000	197.280000	
197.740000	197.740000	
198.200000	198.200000	
198.660000	198.660000	
199.110000	199.110000	
199.570000	199.570000	
200.030000	200.030000	
200.490000	200.490000	
200.950000	200.950000	
201.410000	201.410000	
201.860000	201.860000	
202.320000	202.320000	
202.780000	202.780000	
203.240000	203.240000	
203.700000	203.700000	
204.150000	204.150000	
204.610000	204.610000	
205.070000	205.070000	
205.530000	205.530000	
205.980000	205.980000	
206.440000	206.440000	
206.900000	206.900000	
207.360000	207.360000	
207.830000	207.830000	
208.280000	208.280000	
208.730000	208.730000	
209.190000	209.190000	
209.650000	209.650000	
210.100000	210.100000	
210.550000	210.550000	
211.010000	211.010000	
211.470000	211.470000	
211.930000	211.930000	
212.390000	212.390000	
212.850000	212.850000	
213.310000	213.310000	
213.770000	213.770000	
214.230000	214.230000	
214.690000	214.690000	
215.150000	215.150000	
215.600000	215.600000	
216.060000	216.060000	
216.520000	216.520000	
216.970000	216.970000	
217.430000	217.430000	
217.890000	217.890000	
218.350000	218.350000	
218.800000	218.800000	
219.260000	219.260000	
219.720000	219.720000	
220.180000	220.180000	
220.630000	220.630000	
221.080000	221.080000	
221.550000	221.550000	
222.010000	222.010000	
222.460000	222.460000	
222.920000	222.920000	
223.380000	223.380000	
223.840000	223.840000	
224.300000	224.300000	
224.760000	224.760000	
225.210000	225.210000	
225.670000	225.670000	
226.120000	226.120000	
226.580000	226.580000	
227.040000	227.040000	
227.500000	227.500000	
227.960000	227.960000	
228.420000	228.420000	
228.880000	228.880000	
229.340000	229.340000	
229.800000	229.800000	
230.260000	230.260000	
230.710000	230.710000	
231.170000	231.170000	
231.630000	231.630000	
232.090000	232.090000	
232.540000	232.540000	
233.000000	233.000000	
233.450000	233.450000	
233.910000	233.910000	
234.370000	234.370000	
234.830000	234.830000	
235.280000	235.280000	
235.740000	235.740000	
236.200000	236.200000	
236.660000	236.660000	
237.120000	237.120000	
237.580000	237.580000	
238.040000	238.040000	
238.500000	238.500000	
238.950000	238.950000	
239.410000	239.410000	
239.870000	239.870000	
240.330000	240.330000	
240.780000	240.780000	
241.240000	241.240000	
241.700000	241.700000	
242.160000	242.160000	
242.620000	242.620000	
243.080000	243.080000	
243.540000	243.540000	
244.000000	244.000000	
244.450000	244.450000	
244.910000	244.910000	
245.370000	245.370000	
245.830000	245.830000	
246.280000	246.280000	
246.740000	246.740000	
247.200000	247.200000	
247.660000	247.660000	
248.130000	248.130000	
248.580000	248.580000	
249.040000	249.040000	
249.500000	249.500000	
249.960000	249.960000	
