1.630000	1.630000	
2.010000	2.010000	
2.380000	2.380000	
2.760000	2.760000	
3.140000	3.140000	
3.510000	3.510000	
3.880000	3.880000	
4.260000	4.260000	
4.640000	4.640000	
5.010000	5.010000	
5.380000	5.380000	
5.760000	5.760000	
6.140000	6.140000	
6.510000	6.510000	
6.890000	6.890000	
7.260000	7.260000	
7.640000	7.640000	
8.010000	8.010000	
8.390000	8.390000	
8.760000	8.760000	
9.140000	9.140000	
9.510000	9.510000	
9.890000	9.890000	
10.260000	10.260000	
10.640000	10.640000	
11.010000	11.010000	
11.390000	11.390000	
11.760000	11.760000	
12.140000	12.140000	
12.510000	12.510000	
12.890000	12.890000	
13.260000	13.260000	
13.640000	13.640000	
14.010000	14.010000	
14.390000	14.390000	
14.760000	14.760000	
15.140000	15.140000	
15.510000	15.510000	
15.890000	15.890000	
16.260000	16.260000	
16.640000	16.640000	
17.020000	17.020000	
17.390000	17.390000	
17.760000	17.760000	
18.140000	18.140000	
18.510000	18.510000	
18.890000	18.890000	
19.260000	19.260000	
19.640000	19.640000	
20.010000	20.010000	
20.390000	20.390000	
20.760000	20.760000	
21.140000	21.140000	
21.520000	21.520000	
21.900000	21.900000	
22.270000	22.270000	
22.640000	22.640000	
23.020000	23.020000	
23.400000	23.400000	
23.770000	23.770000	
24.140000	24.140000	
24.510000	24.510000	
24.890000	24.890000	
25.260000	25.260000	
25.640000	25.640000	
26.010000	26.010000	
26.390000	26.390000	
26.760000	26.760000	
27.140000	27.140000	
27.520000	27.520000	
27.890000	27.890000	
28.260000	28.260000	
28.640000	28.640000	
29.010000	29.010000	
29.390000	29.390000	
29.760000	29.760000	
30.140000	30.140000	
30.510000	30.510000	
30.890000	30.890000	
31.260000	31.260000	
31.640000	31.640000	
32.010000	32.010000	
32.390000	32.390000	
32.760000	32.760000	
33.140000	33.140000	
33.520000	33.520000	
33.890000	33.890000	
34.260000	34.260000	
34.640000	34.640000	
35.010000	35.010000	
35.390000	35.390000	
35.760000	35.760000	
36.140000	36.140000	
36.510000	36.510000	
36.890000	36.890000	
37.260000	37.260000	
37.640000	37.640000	
38.010000	38.010000	
38.390000	38.390000	
38.760000	38.760000	
39.140000	39.140000	
39.520000	39.520000	
39.890000	39.890000	
40.260000	40.260000	
40.640000	40.640000	
41.010000	41.010000	
41.390000	41.390000	
41.760000	41.760000	
42.140000	42.140000	
42.510000	42.510000	
42.890000	42.890000	
43.260000	43.260000	
43.640000	43.640000	
44.010000	44.010000	
44.390000	44.390000	
44.770000	44.770000	
45.140000	45.140000	
45.520000	45.520000	
45.890000	45.890000	
46.260000	46.260000	
46.630000	46.630000	
47.010000	47.010000	
47.390000	47.390000	
47.760000	47.760000	
48.140000	48.140000	
48.510000	48.510000	
48.890000	48.890000	
49.260000	49.260000	
49.640000	49.640000	
50.010000	50.010000	
50.390000	50.390000	
50.760000	50.760000	
51.140000	51.140000	
51.510000	51.510000	
51.890000	51.890000	
52.260000	52.260000	
52.640000	52.640000	
53.020000	53.020000	
53.390000	53.390000	
53.770000	53.770000	
54.140000	54.140000	
54.510000	54.510000	
54.890000	54.890000	
55.260000	55.260000	
55.640000	55.640000	
56.010000	56.010000	
56.390000	56.390000	
56.760000	56.760000	
57.140000	57.140000	
57.510000	57.510000	
57.890000	57.890000	
58.260000	58.260000	
58.640000	58.640000	
59.010000	59.010000	
59.390000	59.390000	
59.770000	59.770000	
60.140000	60.140000	
60.510000	60.510000	
60.890000	60.890000	
61.260000	61.260000	
61.640000	61.640000	
62.010000	62.010000	
62.390000	62.390000	
62.760000	62.760000	
63.140000	63.140000	
63.510000	63.510000	
63.890000	63.890000	
64.260000	64.260000	
64.640000	64.640000	
65.010000	65.010000	
65.390000	65.390000	
65.760000	65.760000	
66.140000	66.140000	
66.510000	66.510000	
66.890000	66.890000	
67.260000	67.260000	
67.640000	67.640000	
68.010000	68.010000	
68.390000	68.390000	
68.760000	68.760000	
69.140000	69.140000	
69.520000	69.520000	
69.890000	69.890000	
70.260000	70.260000	
70.640000	70.640000	
71.010000	71.010000	
71.390000	71.390000	
71.760000	71.760000	
72.140000	72.140000	
72.510000	72.510000	
72.890000	72.890000	
73.260000	73.260000	
73.640000	73.640000	
74.010000	74.010000	
74.390000	74.390000	
74.760000	74.760000	
75.140000	75.140000	
75.520000	75.520000	
75.890000	75.890000	
76.260000	76.260000	
76.640000	76.640000	
77.010000	77.010000	
77.390000	77.390000	
77.760000	77.760000	
78.140000	78.140000	
78.510000	78.510000	
78.890000	78.890000	
79.260000	79.260000	
79.640000	79.640000	
80.010000	80.010000	
80.390000	80.390000	
80.760000	80.760000	
81.140000	81.140000	
81.510000	81.510000	
81.880000	81.880000	
82.260000	82.260000	
82.630000	82.630000	
83.000000	83.000000	
83.380000	83.380000	
83.760000	83.760000	
84.130000	84.130000	
84.500000	84.500000	
84.880000	84.880000	
85.260000	85.260000	
85.630000	85.630000	
86.000000	86.000000	
86.380000	86.380000	
86.760000	86.760000	
87.140000	87.140000	
87.510000	87.510000	
87.890000	87.890000	
88.260000	88.260000	
88.630000	88.630000	
89.000000	89.000000	
89.380000	89.380000	
89.760000	89.760000	
90.130000	90.130000	
90.500000	90.500000	
90.880000	90.880000	
91.260000	91.260000	
91.640000	91.640000	
92.010000	92.010000	
92.380000	92.380000	
92.760000	92.760000	
93.140000	93.140000	
93.520000	93.520000	
93.890000	93.890000	
94.260000	94.260000	
94.630000	94.630000	
95.010000	95.010000	
95.390000	95.390000	
95.760000	95.760000	
96.130000	96.130000	
96.510000	96.510000	
96.890000	96.890000	
97.260000	97.260000	
97.630000	97.630000	
98.010000	98.010000	
98.390000	98.390000	
98.760000	98.760000	
99.130000	99.130000	
99.500000	99.500000	
99.870000	99.870000	
100.240000	100.240000	
100.620000	100.620000	
100.990000	100.990000	
101.370000	101.370000	
101.740000	101.740000	
102.120000	102.120000	
102.490000	102.490000	
102.870000	102.870000	
103.240000	103.240000	
103.620000	103.620000	
103.990000	103.990000	
104.360000	104.360000	
104.740000	104.740000	
105.120000	105.120000	
105.490000	105.490000	
105.860000	105.860000	
106.240000	106.240000	
106.620000	106.620000	
106.990000	106.990000	
107.360000	107.360000	
107.740000	107.740000	
108.120000	108.120000	
108.490000	108.490000	
108.860000	108.860000	
109.240000	109.240000	
109.620000	109.620000	
109.990000	109.990000	
110.360000	110.360000	
110.740000	110.740000	
111.120000	111.120000	
111.490000	111.490000	
111.860000	111.860000	
112.240000	112.240000	
112.610000	112.610000	
112.990000	112.990000	
113.360000	113.360000	
113.740000	113.740000	
114.120000	114.120000	
114.490000	114.490000	
114.860000	114.860000	
115.240000	115.240000	
115.620000	115.620000	
115.990000	115.990000	
116.360000	116.360000	
116.740000	116.740000	
117.120000	117.120000	
117.490000	117.490000	
117.870000	117.870000	
118.240000	118.240000	
118.620000	118.620000	
118.990000	118.990000	
119.360000	119.360000	
119.740000	119.740000	
120.120000	120.120000	
120.490000	120.490000	
120.860000	120.860000	
121.240000	121.240000	
121.620000	121.620000	
121.990000	121.990000	
122.360000	122.360000	
122.740000	122.740000	
123.130000	123.130000	
123.510000	123.510000	
123.890000	123.890000	
124.260000	124.260000	
124.630000	124.630000	
125.000000	125.000000	
125.380000	125.380000	
125.760000	125.760000	
126.140000	126.140000	
126.510000	126.510000	
126.890000	126.890000	
127.260000	127.260000	
127.640000	127.640000	
128.010000	128.010000	
128.390000	128.390000	
128.760000	128.760000	
129.140000	129.140000	
129.510000	129.510000	
129.890000	129.890000	
130.260000	130.260000	
130.640000	130.640000	
131.010000	131.010000	
131.390000	131.390000	
131.760000	131.760000	
132.140000	132.140000	
132.510000	132.510000	
132.890000	132.890000	
133.260000	133.260000	
133.640000	133.640000	
134.010000	134.010000	
134.380000	134.380000	
134.760000	134.760000	
135.140000	135.140000	
135.520000	135.520000	
135.890000	135.890000	
136.260000	136.260000	
136.640000	136.640000	
137.010000	137.010000	
137.390000	137.390000	
137.760000	137.760000	
138.140000	138.140000	
138.510000	138.510000	
138.890000	138.890000	
139.260000	139.260000	
139.640000	139.640000	
140.010000	140.010000	
140.390000	140.390000	
140.760000	140.760000	
141.140000	141.140000	
141.520000	141.520000	
141.890000	141.890000	
142.260000	142.260000	
142.640000	142.640000	
143.010000	143.010000	
143.390000	143.390000	
143.760000	143.760000	
144.140000	144.140000	
144.510000	144.510000	
144.890000	144.890000	
145.260000	145.260000	
145.640000	145.640000	
146.010000	146.010000	
146.380000	146.380000	
146.760000	146.760000	
147.140000	147.140000	
147.520000	147.520000	
147.890000	147.890000	
148.260000	148.260000	
148.640000	148.640000	
149.010000	149.010000	
149.390000	149.390000	
149.760000	149.760000	
150.140000	150.140000	
150.510000	150.510000	
150.890000	150.890000	
151.260000	151.260000	
151.640000	151.640000	
152.010000	152.010000	
152.390000	152.390000	
152.760000	152.760000	
153.140000	153.140000	
153.520000	153.520000	
153.890000	153.890000	
154.260000	154.260000	
154.640000	154.640000	
155.010000	155.010000	
155.390000	155.390000	
155.760000	155.760000	
156.140000	156.140000	
156.510000	156.510000	
156.890000	156.890000	
157.260000	157.260000	
157.640000	157.640000	
158.010000	158.010000	
158.390000	158.390000	
158.760000	158.760000	
159.140000	159.140000	
159.520000	159.520000	
159.890000	159.890000	
160.260000	160.260000	
160.640000	160.640000	
161.010000	161.010000	
161.390000	161.390000	
161.760000	161.760000	
162.140000	162.140000	
162.510000	162.510000	
162.890000	162.890000	
163.260000	163.260000	
163.640000	163.640000	
164.010000	164.010000	
164.390000	164.390000	
164.760000	164.760000	
165.140000	165.140000	
165.520000	165.520000	
165.890000	165.890000	
166.260000	166.260000	
166.640000	166.640000	
167.010000	167.010000	
167.390000	167.390000	
167.760000	167.760000	
168.140000	168.140000	
168.510000	168.510000	
168.890000	168.890000	
169.260000	169.260000	
169.640000	169.640000	
170.010000	170.010000	
170.390000	170.390000	
170.760000	170.760000	
171.130000	171.130000	
171.500000	171.500000	
171.870000	171.870000	
172.240000	172.240000	
172.620000	172.620000	
172.990000	172.990000	
173.360000	173.360000	
173.740000	173.740000	
174.120000	174.120000	
174.490000	174.490000	
174.860000	174.860000	
175.240000	175.240000	
175.620000	175.620000	
175.990000	175.990000	
176.360000	176.360000	
176.740000	176.740000	
177.120000	177.120000	
177.490000	177.490000	
177.870000	177.870000	
178.240000	178.240000	
178.620000	178.620000	
178.990000	178.990000	
179.360000	179.360000	
179.740000	179.740000	
180.120000	180.120000	
180.490000	180.490000	
180.860000	180.860000	
181.240000	181.240000	
181.620000	181.620000	
181.990000	181.990000	
182.360000	182.360000	
182.740000	182.740000	
183.130000	183.130000	
183.510000	183.510000	
183.890000	183.890000	
184.260000	184.260000	
184.630000	184.630000	
185.010000	185.010000	
185.390000	185.390000	
185.760000	185.760000	
186.130000	186.130000	
186.500000	186.500000	
186.880000	186.880000	
187.260000	187.260000	
187.640000	187.640000	
188.010000	188.010000	
188.390000	188.390000	
188.760000	188.760000	
189.140000	189.140000	
189.510000	189.510000	
189.890000	189.890000	
190.260000	190.260000	
190.640000	190.640000	
191.010000	191.010000	
191.390000	191.390000	
191.760000	191.760000	
192.140000	192.140000	
192.510000	192.510000	
192.890000	192.890000	
193.270000	193.270000	
193.640000	193.640000	
194.010000	194.010000	
194.390000	194.390000	
194.760000	194.760000	
195.140000	195.140000	
195.520000	195.520000	
195.890000	195.890000	
196.260000	196.260000	
196.640000	196.640000	
197.010000	197.010000	
197.390000	197.390000	
197.760000	197.760000	
198.140000	198.140000	
198.510000	198.510000	
198.890000	198.890000	
199.260000	199.260000	
199.640000	199.640000	
200.020000	200.020000	
200.390000	200.390000	
200.770000	200.770000	
201.150000	201.150000	
201.520000	201.520000	
201.890000	201.890000	
202.260000	202.260000	
202.640000	202.640000	
203.010000	203.010000	
203.390000	203.390000	
203.760000	203.760000	
204.140000	204.140000	
204.510000	204.510000	
204.890000	204.890000	
205.260000	205.260000	
205.640000	205.640000	
206.010000	206.010000	
206.390000	206.390000	
206.760000	206.760000	
207.140000	207.140000	
207.520000	207.520000	
207.890000	207.890000	
208.260000	208.260000	
208.640000	208.640000	
209.010000	209.010000	
209.390000	209.390000	
209.760000	209.760000	
210.140000	210.140000	
210.510000	210.510000	
210.880000	210.880000	
211.260000	211.260000	
211.640000	211.640000	
212.010000	212.010000	
212.390000	212.390000	
212.760000	212.760000	
213.140000	213.140000	
213.510000	213.510000	
213.890000	213.890000	
214.260000	214.260000	
214.640000	214.640000	
215.010000	215.010000	
215.390000	215.390000	
215.760000	215.760000	
216.130000	216.130000	
216.500000	216.500000	
216.880000	216.880000	
217.260000	217.260000	
217.630000	217.630000	
218.010000	218.010000	
218.390000	218.390000	
218.760000	218.760000	
219.140000	219.140000	
219.520000	219.520000	
219.890000	219.890000	
220.260000	220.260000	
220.640000	220.640000	
221.010000	221.010000	
221.390000	221.390000	
221.760000	221.760000	
222.140000	222.140000	
222.510000	222.510000	
222.890000	222.890000	
223.260000	223.260000	
223.640000	223.640000	
224.020000	224.020000	
224.390000	224.390000	
224.770000	224.770000	
225.150000	225.150000	
225.520000	225.520000	
225.890000	225.890000	
226.260000	226.260000	
226.630000	226.630000	
227.010000	227.010000	
227.390000	227.390000	
227.770000	227.770000	
228.140000	228.140000	
228.510000	228.510000	
228.900000	228.900000	
229.284000	229.284000	
229.659000	229.659000	
230.050000	230.050000	
230.440000	230.440000	
230.823000	230.823000	
231.213000	231.213000	
231.581000	231.581000	
