0.170980	0.170980	1
0.781622	0.781622	
1.404000	1.404000	1
2.060000	2.060000	
2.660000	2.660000	1
3.280000	3.280000	
3.908111	3.908111	1
4.494327	4.494327	
5.166034	5.166034	1
5.800000	5.800000	
6.410000	6.410000	1
7.040000	7.040000	
7.660000	7.660000	1
8.280000	8.280000	
8.900000	8.900000	1
9.540000	9.540000	
10.170000	10.170000	club
10.780000	10.780000	
11.410000	11.410000	
12.040000	12.040000	
12.660000	12.660000	
13.280000	13.280000	
13.900000	13.900000	
14.540000	14.540000	
15.160000	15.160000	
15.780000	15.780000	
16.400000	16.400000	
17.040000	17.040000	
17.660000	17.660000	
18.280000	18.280000	
18.900000	18.900000	
19.540000	19.540000	
20.170000	20.170000	
20.790000	20.790000	
21.410000	21.410000	
22.040000	22.040000	
22.660000	22.660000	
23.280000	23.280000	
23.900000	23.900000	
24.530000	24.530000	
25.160000	25.160000	
25.780000	25.780000	
26.400000	26.400000	
27.040000	27.040000	
27.660000	27.660000	
28.280000	28.280000	
28.910000	28.910000	
29.540000	29.540000	
30.170000	30.170000	
30.790000	30.790000	
31.410000	31.410000	
32.040000	32.040000	
32.660000	32.660000	
33.280000	33.280000	
33.900000	33.900000	
34.540000	34.540000	
35.170000	35.170000	
35.780000	35.780000	
36.400000	36.400000	
37.040000	37.040000	
37.660000	37.660000	
38.280000	38.280000	
38.900000	38.900000	
39.540000	39.540000	
40.160000	40.160000	
40.780000	40.780000	
41.400000	41.400000	
42.040000	42.040000	
42.660000	42.660000	
43.280000	43.280000	
43.900000	43.900000	
44.540000	44.540000	
45.160000	45.160000	
45.760000	45.760000	
46.400000	46.400000	
47.040000	47.040000	
47.650000	47.650000	
48.290000	48.290000	
48.920000	48.920000	
49.550000	49.550000	
50.160000	50.160000	
50.780000	50.780000	
51.400000	51.400000	
52.040000	52.040000	
52.660000	52.660000	
53.280000	53.280000	
53.900000	53.900000	
54.540000	54.540000	
55.170000	55.170000	
55.780000	55.780000	
56.410000	56.410000	
57.040000	57.040000	
57.660000	57.660000	
58.280000	58.280000	
58.900000	58.900000	
59.540000	59.540000	
60.170000	60.170000	
60.780000	60.780000	
61.400000	61.400000	
62.040000	62.040000	
62.660000	62.660000	
63.280000	63.280000	
63.910000	63.910000	
64.540000	64.540000	
65.170000	65.170000	
65.780000	65.780000	
66.410000	66.410000	
67.040000	67.040000	
67.660000	67.660000	
68.280000	68.280000	
68.910000	68.910000	
69.540000	69.540000	
70.170000	70.170000	
70.790000	70.790000	
71.410000	71.410000	
72.040000	72.040000	
72.660000	72.660000	
73.280000	73.280000	
73.910000	73.910000	
74.540000	74.540000	
75.170000	75.170000	
75.790000	75.790000	
76.410000	76.410000	
77.040000	77.040000	
77.660000	77.660000	
78.280000	78.280000	
78.910000	78.910000	
79.540000	79.540000	
80.170000	80.170000	
80.790000	80.790000	
81.410000	81.410000	
82.040000	82.040000	
82.660000	82.660000	
83.280000	83.280000	
83.910000	83.910000	
84.540000	84.540000	
85.170000	85.170000	
85.790000	85.790000	
86.410000	86.410000	
87.040000	87.040000	
87.660000	87.660000	
88.280000	88.280000	
88.900000	88.900000	
89.530000	89.530000	
90.140000	90.140000	
90.630000	90.630000	
91.090000	91.090000	
91.550000	91.550000	
92.060000	92.060000	
92.670000	92.670000	
93.280000	93.280000	
93.880000	93.880000	
94.380000	94.380000	
94.840000	94.840000	
95.280000	95.280000	
95.800000	95.800000	
96.400000	96.400000	
97.040000	97.040000	
97.640000	97.640000	
98.120000	98.120000	
98.580000	98.580000	
98.990000	98.990000	
99.520000	99.520000	
100.150000	100.150000	
100.780000	100.780000	
101.400000	101.400000	
102.040000	102.040000	
102.660000	102.660000	
103.290000	103.290000	
103.910000	103.910000	
104.540000	104.540000	
105.160000	105.160000	
105.780000	105.780000	
106.400000	106.400000	
107.040000	107.040000	
107.660000	107.660000	
108.280000	108.280000	
108.910000	108.910000	
109.540000	109.540000	
110.160000	110.160000	
110.790000	110.790000	
111.410000	111.410000	
112.040000	112.040000	
112.660000	112.660000	
113.280000	113.280000	
113.910000	113.910000	
114.550000	114.550000	
115.170000	115.170000	
115.780000	115.780000	
116.400000	116.400000	
117.040000	117.040000	
117.660000	117.660000	
118.280000	118.280000	
118.900000	118.900000	
119.540000	119.540000	
120.160000	120.160000	
120.780000	120.780000	
121.400000	121.400000	
122.040000	122.040000	
122.660000	122.660000	
123.290000	123.290000	
123.900000	123.900000	
124.540000	124.540000	
125.160000	125.160000	
125.770000	125.770000	
126.400000	126.400000	
127.040000	127.040000	
127.650000	127.650000	
128.290000	128.290000	
128.920000	128.920000	
129.550000	129.550000	
130.170000	130.170000	
130.780000	130.780000	
131.410000	131.410000	
132.040000	132.040000	
132.660000	132.660000	
133.280000	133.280000	
133.900000	133.900000	
134.540000	134.540000	
135.170000	135.170000	
135.780000	135.780000	
136.410000	136.410000	
137.040000	137.040000	
137.660000	137.660000	
138.280000	138.280000	
138.900000	138.900000	
139.540000	139.540000	
140.170000	140.170000	
140.780000	140.780000	
141.400000	141.400000	
142.040000	142.040000	
142.660000	142.660000	
143.280000	143.280000	
143.900000	143.900000	
144.540000	144.540000	
145.170000	145.170000	
145.780000	145.780000	
146.410000	146.410000	
147.040000	147.040000	
147.660000	147.660000	
148.280000	148.280000	
148.910000	148.910000	
149.540000	149.540000	
150.170000	150.170000	
150.790000	150.790000	
151.410000	151.410000	
152.040000	152.040000	
152.660000	152.660000	
153.280000	153.280000	
153.910000	153.910000	
154.540000	154.540000	
155.170000	155.170000	
155.790000	155.790000	
156.410000	156.410000	
157.040000	157.040000	
157.660000	157.660000	
158.280000	158.280000	
158.910000	158.910000	
159.540000	159.540000	
160.170000	160.170000	
160.790000	160.790000	
161.410000	161.410000	
162.040000	162.040000	
162.670000	162.670000	
163.290000	163.290000	
163.910000	163.910000	
164.540000	164.540000	
165.170000	165.170000	
165.780000	165.780000	
166.410000	166.410000	
167.040000	167.040000	
167.660000	167.660000	
168.280000	168.280000	
168.910000	168.910000	
169.540000	169.540000	
170.170000	170.170000	
170.790000	170.790000	
171.430000	171.430000	
172.060000	172.060000	
172.670000	172.670000	
173.290000	173.290000	
173.930000	173.930000	
174.560000	174.560000	
175.170000	175.170000	
175.800000	175.800000	
176.430000	176.430000	
177.070000	177.070000	
177.680000	177.680000	
178.300000	178.300000	
178.930000	178.930000	
179.560000	179.560000	
180.180000	180.180000	
180.800000	180.800000	
181.430000	181.430000	
182.050000	182.050000	
182.670000	182.670000	
183.290000	183.290000	
183.920000	183.920000	
184.540000	184.540000	
185.170000	185.170000	
185.800000	185.800000	
186.410000	186.410000	
186.910000	186.910000	
187.380000	187.380000	
187.910000	187.910000	
188.340000	188.340000	
188.920000	188.920000	
189.540000	189.540000	
190.160000	190.160000	
190.780000	190.780000	
191.410000	191.410000	
192.040000	192.040000	
192.660000	192.660000	
193.280000	193.280000	
193.910000	193.910000	
194.540000	194.540000	
195.160000	195.160000	
195.780000	195.780000	
196.410000	196.410000	
197.040000	197.040000	
197.670000	197.670000	
198.290000	198.290000	
198.910000	198.910000	
199.540000	199.540000	
200.170000	200.170000	
200.780000	200.780000	
201.400000	201.400000	
202.040000	202.040000	
202.670000	202.670000	
203.290000	203.290000	
203.910000	203.910000	
204.540000	204.540000	
205.160000	205.160000	
205.780000	205.780000	
206.410000	206.410000	
207.040000	207.040000	
207.670000	207.670000	
208.290000	208.290000	
208.910000	208.910000	
209.540000	209.540000	
210.170000	210.170000	
210.790000	210.790000	
211.410000	211.410000	
212.040000	212.040000	
212.660000	212.660000	
213.280000	213.280000	
213.910000	213.910000	
214.540000	214.540000	
215.170000	215.170000	
215.790000	215.790000	
216.410000	216.410000	
217.040000	217.040000	
217.660000	217.660000	
218.280000	218.280000	
218.910000	218.910000	
219.540000	219.540000	
220.170000	220.170000	
220.790000	220.790000	
221.410000	221.410000	
222.040000	222.040000	
222.660000	222.660000	
223.280000	223.280000	
223.910000	223.910000	
224.540000	224.540000	
225.170000	225.170000	
225.790000	225.790000	
226.410000	226.410000	
227.040000	227.040000	
227.640000	227.640000	
228.130000	228.130000	
228.590000	228.590000	
229.060000	229.060000	
229.520000	229.520000	
229.970000	229.970000	
230.430000	230.430000	
230.920000	230.920000	
231.430000	231.430000	
231.980000	231.980000	
232.570000	232.570000	
