0.020000	0.020000	
0.630000	0.630000	
1.270000	1.270000	
1.900000	1.900000	
2.520000	2.520000	1
3.160000	3.160000	
3.800000	3.800000	
4.430000	4.430000	
5.080000	5.080000	
5.810000	5.810000	
6.470000	6.470000	
7.100000	7.100000	
7.710000	7.710000	
8.340000	8.340000	
8.970000	8.970000	
9.610000	9.610000	
10.240000	10.240000	
10.860000	10.860000	
11.500000	11.500000	
12.140000	12.140000	
12.770000	12.770000	
13.410000	13.410000	
14.030000	14.030000	
14.650000	14.650000	
15.290000	15.290000	
15.920000	15.920000	
16.560000	16.560000	
17.210000	17.210000	
17.830000	17.830000	
18.450000	18.450000	
19.080000	19.080000	
19.710000	19.710000	
20.340000	20.340000	
20.990000	20.990000	
21.620000	21.620000	
22.250000	22.250000	
22.880000	22.880000	
23.510000	23.510000	
24.140000	24.140000	
24.760000	24.760000	
25.390000	25.390000	
26.040000	26.040000	
26.660000	26.660000	
27.290000	27.290000	
27.920000	27.920000	
28.550000	28.550000	
29.190000	29.190000	
29.820000	29.820000	
30.450000	30.450000	
31.080000	31.080000	
31.710000	31.710000	
32.360000	32.360000	
32.980000	32.980000	
33.620000	33.620000	
34.240000	34.240000	
34.870000	34.870000	
35.500000	35.500000	
36.130000	36.130000	
36.760000	36.760000	
37.390000	37.390000	
38.020000	38.020000	
38.660000	38.660000	
39.290000	39.290000	
39.920000	39.920000	
40.550000	40.550000	
41.190000	41.190000	
41.820000	41.820000	
42.450000	42.450000	
43.080000	43.080000	
43.710000	43.710000	
44.340000	44.340000	
44.970000	44.970000	
45.600000	45.600000	
46.230000	46.230000	
46.860000	46.860000	
47.500000	47.500000	
48.130000	48.130000	
48.760000	48.760000	
49.390000	49.390000	
50.020000	50.020000	
50.660000	50.660000	
51.290000	51.290000	
51.920000	51.920000	
52.550000	52.550000	
53.180000	53.180000	
53.810000	53.810000	
54.440000	54.440000	
55.070000	55.070000	
55.700000	55.700000	
56.330000	56.330000	
56.970000	56.970000	
57.600000	57.600000	
58.240000	58.240000	
58.860000	58.860000	
59.490000	59.490000	
60.130000	60.130000	
60.760000	60.760000	
61.390000	61.390000	
62.020000	62.020000	
62.660000	62.660000	
63.290000	63.290000	
63.920000	63.920000	
64.550000	64.550000	
65.180000	65.180000	
65.820000	65.820000	
66.460000	66.460000	
67.080000	67.080000	
67.730000	67.730000	
68.360000	68.360000	
68.980000	68.980000	
69.610000	69.610000	
70.230000	70.230000	
70.860000	70.860000	
71.500000	71.500000	
72.130000	72.130000	
72.760000	72.760000	
73.390000	73.390000	
74.010000	74.010000	
74.650000	74.650000	
75.290000	75.290000	
75.920000	75.920000	
76.550000	76.550000	
77.180000	77.180000	
77.820000	77.820000	
78.440000	78.440000	
79.070000	79.070000	
79.710000	79.710000	
80.340000	80.340000	
80.970000	80.970000	
81.600000	81.600000	
82.240000	82.240000	
82.880000	82.880000	
83.510000	83.510000	
84.140000	84.140000	
84.760000	84.760000	
85.390000	85.390000	
86.020000	86.020000	
86.650000	86.650000	
87.290000	87.290000	
87.950000	87.950000	
88.580000	88.580000	
89.210000	89.210000	
89.820000	89.820000	
90.440000	90.440000	
91.070000	91.070000	
91.700000	91.700000	
92.330000	92.330000	
92.970000	92.970000	
93.600000	93.600000	
94.230000	94.230000	
94.860000	94.860000	
95.490000	95.490000	
96.120000	96.120000	
96.760000	96.760000	
97.390000	97.390000	
98.030000	98.030000	
98.670000	98.670000	
99.300000	99.300000	
99.920000	99.920000	
100.550000	100.550000	
101.190000	101.190000	
101.820000	101.820000	
102.450000	102.450000	
103.080000	103.080000	
103.710000	103.710000	
104.340000	104.340000	
104.970000	104.970000	
105.600000	105.600000	
106.240000	106.240000	
106.870000	106.870000	
107.500000	107.500000	
108.130000	108.130000	
108.760000	108.760000	
109.390000	109.390000	
110.020000	110.020000	
110.650000	110.650000	
111.280000	111.280000	
111.910000	111.910000	
112.550000	112.550000	
113.180000	113.180000	
113.820000	113.820000	
114.440000	114.440000	
115.070000	115.070000	
115.710000	115.710000	
116.340000	116.340000	
116.970000	116.970000	
117.600000	117.600000	
118.240000	118.240000	
118.870000	118.870000	
119.500000	119.500000	
120.130000	120.130000	
120.760000	120.760000	
121.390000	121.390000	
122.020000	122.020000	
122.650000	122.650000	
123.290000	123.290000	
123.930000	123.930000	
124.550000	124.550000	
125.180000	125.180000	
125.810000	125.810000	
126.440000	126.440000	
127.080000	127.080000	
127.710000	127.710000	
128.340000	128.340000	
128.970000	128.970000	
129.600000	129.600000	
130.230000	130.230000	
130.860000	130.860000	
131.500000	131.500000	
132.140000	132.140000	
132.770000	132.770000	
133.400000	133.400000	
134.030000	134.030000	
134.660000	134.660000	
135.300000	135.300000	
135.980000	135.980000	
136.600000	136.600000	
137.190000	137.190000	
137.810000	137.810000	
138.460000	138.460000	
139.130000	139.130000	
139.750000	139.750000	
140.360000	140.360000	
140.990000	140.990000	
141.600000	141.600000	
142.240000	142.240000	
142.870000	142.870000	
143.500000	143.500000	
144.130000	144.130000	
144.770000	144.770000	
145.400000	145.400000	
146.030000	146.030000	
146.660000	146.660000	
147.300000	147.300000	
147.930000	147.930000	
148.560000	148.560000	
149.190000	149.190000	
149.810000	149.810000	
150.450000	150.450000	
151.070000	151.070000	
151.710000	151.710000	
152.340000	152.340000	
152.970000	152.970000	
153.600000	153.600000	
154.240000	154.240000	
154.860000	154.860000	
155.490000	155.490000	
156.130000	156.130000	
156.760000	156.760000	
157.390000	157.390000	
158.020000	158.020000	
158.660000	158.660000	
159.290000	159.290000	
159.920000	159.920000	
160.550000	160.550000	
161.180000	161.180000	
161.810000	161.810000	
162.440000	162.440000	
163.070000	163.070000	
163.710000	163.710000	
164.340000	164.340000	
164.970000	164.970000	
165.600000	165.600000	
166.240000	166.240000	
166.870000	166.870000	
167.500000	167.500000	
168.130000	168.130000	
168.760000	168.760000	
169.400000	169.400000	
170.030000	170.030000	
170.660000	170.660000	
171.290000	171.290000	
171.920000	171.920000	
172.550000	172.550000	
173.180000	173.180000	
173.810000	173.810000	
174.450000	174.450000	
175.070000	175.070000	
175.700000	175.700000	
176.340000	176.340000	
176.970000	176.970000	
177.600000	177.600000	
178.230000	178.230000	
178.870000	178.870000	
179.500000	179.500000	
180.130000	180.130000	
180.750000	180.750000	
181.380000	181.380000	
182.020000	182.020000	
182.650000	182.650000	
183.290000	183.290000	
183.940000	183.940000	
184.560000	184.560000	
185.130000	185.130000	
185.700000	185.700000	
186.340000	186.340000	
186.990000	186.990000	
