0.660000	0.660000	
1.260000	1.260000	
1.860000	1.860000	
2.460000	2.460000	
3.060000	3.060000	
3.650000	3.650000	
4.250000	4.250000	
4.850000	4.850000	
5.450000	5.450000	
6.040000	6.040000	
6.640000	6.640000	
7.240000	7.240000	
7.840000	7.840000	
8.430000	8.430000	
9.020000	9.020000	
9.620000	9.620000	
10.210000	10.210000	
10.800000	10.800000	
11.400000	11.400000	
11.990000	11.990000	
12.600000	12.600000	
13.190000	13.190000	
13.800000	13.800000	
14.380000	14.380000	
14.990000	14.990000	
15.580000	15.580000	
16.190000	16.190000	
16.780000	16.780000	
17.380000	17.380000	
17.970000	17.970000	
18.580000	18.580000	
19.170000	19.170000	
19.770000	19.770000	
20.360000	20.360000	
20.970000	20.970000	
21.560000	21.560000	
22.170000	22.170000	
22.750000	22.750000	
23.360000	23.360000	
23.950000	23.950000	
24.550000	24.550000	
25.140000	25.140000	
25.750000	25.750000	
26.340000	26.340000	
26.950000	26.950000	
27.550000	27.550000	
28.160000	28.160000	
28.760000	28.760000	
29.350000	29.350000	
29.950000	29.950000	
30.550000	30.550000	
31.150000	31.150000	
31.740000	31.740000	
32.340000	32.340000	
32.940000	32.940000	
33.540000	33.540000	
34.140000	34.140000	
34.730000	34.730000	
35.330000	35.330000	
35.930000	35.930000	
36.530000	36.530000	
37.120000	37.120000	
37.700000	37.700000	
38.300000	38.300000	
38.900000	38.900000	
39.490000	39.490000	
40.100000	40.100000	
40.690000	40.690000	
41.290000	41.290000	
41.880000	41.880000	
42.480000	42.480000	
43.070000	43.070000	
43.680000	43.680000	
44.270000	44.270000	
44.880000	44.880000	
45.470000	45.470000	
46.070000	46.070000	
46.660000	46.660000	
47.270000	47.270000	
47.860000	47.860000	
48.460000	48.460000	
49.050000	49.050000	
49.660000	49.660000	
50.250000	50.250000	
50.850000	50.850000	
51.440000	51.440000	
52.050000	52.050000	
52.640000	52.640000	
53.250000	53.250000	
53.840000	53.840000	
54.440000	54.440000	
55.030000	55.030000	
55.650000	55.650000	
56.250000	56.250000	
56.860000	56.860000	
57.440000	57.440000	
58.030000	58.030000	
58.610000	58.610000	
59.220000	59.220000	
59.810000	59.810000	
60.410000	60.410000	
61.000000	61.000000	
61.610000	61.610000	
62.200000	62.200000	
62.800000	62.800000	
63.400000	63.400000	
64.000000	64.000000	
64.590000	64.590000	
65.200000	65.200000	
65.800000	65.800000	
66.390000	66.390000	
66.990000	66.990000	
67.590000	67.590000	
68.180000	68.180000	
68.780000	68.780000	
69.370000	69.370000	
69.980000	69.980000	
70.570000	70.570000	
71.170000	71.170000	
71.760000	71.760000	
72.370000	72.370000	
72.960000	72.960000	
73.560000	73.560000	
74.160000	74.160000	
74.770000	74.770000	
75.360000	75.360000	
75.950000	75.950000	
76.560000	76.560000	
77.160000	77.160000	
77.760000	77.760000	
78.360000	78.360000	
78.960000	78.960000	
79.560000	79.560000	
80.150000	80.150000	
80.750000	80.750000	
81.350000	81.350000	
81.950000	81.950000	
82.540000	82.540000	
83.140000	83.140000	
83.740000	83.740000	
84.340000	84.340000	
84.930000	84.930000	
85.510000	85.510000	
86.110000	86.110000	
86.710000	86.710000	
87.310000	87.310000	
87.910000	87.910000	
88.500000	88.500000	
89.100000	89.100000	
89.690000	89.690000	
90.300000	90.300000	
90.890000	90.890000	
91.500000	91.500000	
92.090000	92.090000	
92.690000	92.690000	
93.280000	93.280000	
93.880000	93.880000	
94.470000	94.470000	
95.080000	95.080000	
95.670000	95.670000	
96.280000	96.280000	
96.870000	96.870000	
97.470000	97.470000	
98.060000	98.060000	
98.670000	98.670000	
99.260000	99.260000	
99.860000	99.860000	
100.450000	100.450000	
101.060000	101.060000	
101.650000	101.650000	
102.260000	102.260000	
102.850000	102.850000	
103.460000	103.460000	
104.060000	104.060000	
104.660000	104.660000	
105.260000	105.260000	
105.860000	105.860000	
106.450000	106.450000	rio
107.050000	107.050000	dos
107.650000	107.650000	
108.250000	108.250000	
108.840000	108.840000	
109.440000	109.440000	
110.040000	110.040000	
110.640000	110.640000	
111.230000	111.230000	
111.830000	111.830000	
112.420000	112.420000	
113.010000	113.010000	
113.610000	113.610000	
114.200000	114.200000	
114.790000	114.790000	
115.400000	115.400000	
115.990000	115.990000	
116.590000	116.590000	
117.180000	117.180000	
117.790000	117.790000	
118.380000	118.380000	
118.970000	118.970000	
119.570000	119.570000	
120.180000	120.180000	
120.770000	120.770000	
121.380000	121.380000	
121.960000	121.960000	
122.570000	122.570000	
123.160000	123.160000	
123.770000	123.770000	
124.350000	124.350000	
124.960000	124.960000	
125.550000	125.550000	
126.160000	126.160000	
126.750000	126.750000	
127.350000	127.350000	
127.940000	127.940000	
128.550000	128.550000	
129.140000	129.140000	
129.740000	129.740000	
130.330000	130.330000	
130.940000	130.940000	
131.530000	131.530000	
132.140000	132.140000	
132.730000	132.730000	
133.330000	133.330000	
133.920000	133.920000	
134.530000	134.530000	
135.120000	135.120000	
135.730000	135.730000	
136.320000	136.320000	
136.920000	136.920000	
137.510000	137.510000	
138.110000	138.110000	
138.700000	138.700000	
139.310000	139.310000	
139.910000	139.910000	
140.520000	140.520000	
141.110000	141.110000	
141.700000	141.700000	
142.300000	142.300000	
142.900000	142.900000	
143.490000	143.490000	
144.080000	144.080000	
144.680000	144.680000	
145.280000	145.280000	
145.860000	145.860000	
146.470000	146.470000	
147.080000	147.080000	
147.680000	147.680000	
148.270000	148.270000	
148.880000	148.880000	
149.480000	149.480000	
150.080000	150.080000	
150.670000	150.670000	
151.240000	151.240000	
151.830000	151.830000	
152.460000	152.460000	
153.050000	153.050000	
153.650000	153.650000	
154.240000	154.240000	
154.850000	154.850000	
155.440000	155.440000	
156.040000	156.040000	
156.630000	156.630000	
157.240000	157.240000	
157.830000	157.830000	
158.430000	158.430000	
159.020000	159.020000	
159.630000	159.630000	
160.220000	160.220000	
160.820000	160.820000	
161.410000	161.410000	
162.020000	162.020000	
162.610000	162.610000	
163.210000	163.210000	
163.800000	163.800000	
164.410000	164.410000	
165.000000	165.000000	
165.600000	165.600000	
166.190000	166.190000	
166.800000	166.800000	
167.390000	167.390000	
168.000000	168.000000	
168.590000	168.590000	
169.200000	169.200000	
169.810000	169.810000	
