3.080000	3.080000	
3.760000	3.760000	
4.430000	4.430000	
5.090000	5.090000	
5.760000	5.760000	
6.420000	6.420000	
7.090000	7.090000	
7.750000	7.750000	
8.400000	8.400000	
9.060000	9.060000	
9.740000	9.740000	
10.420000	10.420000	
11.090000	11.090000	
11.760000	11.760000	
12.420000	12.420000	
13.090000	13.090000	
13.760000	13.760000	
14.420000	14.420000	
15.080000	15.080000	
15.750000	15.750000	
16.420000	16.420000	
17.100000	17.100000	
17.760000	17.760000	
18.420000	18.420000	
19.070000	19.070000	
19.730000	19.730000	
20.390000	20.390000	
21.070000	21.070000	
21.740000	21.740000	
22.420000	22.420000	
23.070000	23.070000	
23.760000	23.760000	
24.420000	24.420000	
25.090000	25.090000	
25.760000	25.760000	
26.420000	26.420000	
27.090000	27.090000	
27.750000	27.750000	
28.420000	28.420000	
29.080000	29.080000	
29.750000	29.750000	
30.420000	30.420000	
31.090000	31.090000	
31.750000	31.750000	
32.420000	32.420000	
33.080000	33.080000	
33.750000	33.750000	
34.420000	34.420000	
35.090000	35.090000	
35.750000	35.750000	
36.420000	36.420000	
37.090000	37.090000	
37.750000	37.750000	
38.420000	38.420000	
39.080000	39.080000	
39.750000	39.750000	
40.420000	40.420000	
41.090000	41.090000	
41.750000	41.750000	
42.420000	42.420000	
43.080000	43.080000	
43.750000	43.750000	
44.420000	44.420000	
45.080000	45.080000	
45.750000	45.750000	
46.420000	46.420000	
47.080000	47.080000	
47.750000	47.750000	
48.420000	48.420000	
49.090000	49.090000	
49.770000	49.770000	
50.420000	50.420000	
51.080000	51.080000	
51.750000	51.750000	
52.420000	52.420000	
53.090000	53.090000	
53.750000	53.750000	
54.420000	54.420000	
55.100000	55.100000	
55.750000	55.750000	
56.420000	56.420000	
57.090000	57.090000	
57.760000	57.760000	
58.420000	58.420000	
59.090000	59.090000	
59.750000	59.750000	
60.420000	60.420000	
61.090000	61.090000	
61.750000	61.750000	
62.420000	62.420000	
63.090000	63.090000	
63.750000	63.750000	
64.420000	64.420000	
65.090000	65.090000	
65.750000	65.750000	
66.420000	66.420000	
67.090000	67.090000	
67.760000	67.760000	
68.440000	68.440000	
69.100000	69.100000	
69.750000	69.750000	
70.420000	70.420000	
71.090000	71.090000	
71.750000	71.750000	
72.420000	72.420000	
73.080000	73.080000	
73.750000	73.750000	
74.420000	74.420000	
75.090000	75.090000	
75.750000	75.750000	
76.420000	76.420000	
77.090000	77.090000	
77.750000	77.750000	
78.420000	78.420000	
79.080000	79.080000	
79.750000	79.750000	
80.420000	80.420000	
81.090000	81.090000	
81.750000	81.750000	
82.420000	82.420000	
83.090000	83.090000	
83.750000	83.750000	
84.420000	84.420000	
85.080000	85.080000	
85.750000	85.750000	
86.420000	86.420000	
87.090000	87.090000	
87.750000	87.750000	
88.420000	88.420000	
89.090000	89.090000	
89.750000	89.750000	
90.420000	90.420000	
91.090000	91.090000	
91.750000	91.750000	
92.410000	92.410000	
93.080000	93.080000	
93.750000	93.750000	
94.420000	94.420000	
95.080000	95.080000	
95.750000	95.750000	
96.420000	96.420000	
97.090000	97.090000	
97.770000	97.770000	
98.420000	98.420000	
99.090000	99.090000	
99.750000	99.750000	
100.420000	100.420000	
101.080000	101.080000	
101.750000	101.750000	
102.420000	102.420000	
103.090000	103.090000	
103.750000	103.750000	
104.420000	104.420000	
105.090000	105.090000	
105.750000	105.750000	
106.420000	106.420000	
107.090000	107.090000	
107.750000	107.750000	
108.420000	108.420000	
109.090000	109.090000	
109.750000	109.750000	
110.420000	110.420000	
111.090000	111.090000	
111.750000	111.750000	
112.420000	112.420000	
113.090000	113.090000	
113.760000	113.760000	
114.420000	114.420000	
115.080000	115.080000	
115.750000	115.750000	
116.420000	116.420000	
117.090000	117.090000	
117.750000	117.750000	
118.420000	118.420000	
119.090000	119.090000	
119.750000	119.750000	
120.420000	120.420000	
121.090000	121.090000	
121.750000	121.750000	
122.420000	122.420000	
123.090000	123.090000	
123.750000	123.750000	
124.420000	124.420000	
125.090000	125.090000	
125.750000	125.750000	
126.420000	126.420000	
127.090000	127.090000	
127.760000	127.760000	
128.430000	128.430000	
129.090000	129.090000	
129.760000	129.760000	
130.420000	130.420000	
131.070000	131.070000	
131.730000	131.730000	
132.400000	132.400000	
133.090000	133.090000	
133.760000	133.760000	
134.420000	134.420000	
135.080000	135.080000	
135.750000	135.750000	
136.420000	136.420000	
137.090000	137.090000	
137.750000	137.750000	
138.420000	138.420000	
139.090000	139.090000	
139.750000	139.750000	
140.420000	140.420000	
141.080000	141.080000	
141.750000	141.750000	
142.420000	142.420000	
143.090000	143.090000	
143.750000	143.750000	
144.420000	144.420000	
145.090000	145.090000	
145.760000	145.760000	
146.420000	146.420000	
147.090000	147.090000	
147.750000	147.750000	
148.420000	148.420000	
149.080000	149.080000	
149.750000	149.750000	
150.420000	150.420000	
151.090000	151.090000	
151.750000	151.750000	
152.420000	152.420000	
153.090000	153.090000	
153.760000	153.760000	
154.420000	154.420000	
155.080000	155.080000	
155.750000	155.750000	
156.420000	156.420000	
157.090000	157.090000	
157.760000	157.760000	
158.420000	158.420000	
159.090000	159.090000	
159.750000	159.750000	
160.420000	160.420000	
161.090000	161.090000	
161.750000	161.750000	
162.420000	162.420000	
163.090000	163.090000	
163.750000	163.750000	
164.420000	164.420000	
165.090000	165.090000	
165.750000	165.750000	
166.420000	166.420000	
167.080000	167.080000	
167.750000	167.750000	
168.420000	168.420000	
169.080000	169.080000	
169.750000	169.750000	
170.420000	170.420000	
171.080000	171.080000	
171.750000	171.750000	
172.420000	172.420000	
173.080000	173.080000	
173.750000	173.750000	
174.420000	174.420000	
175.090000	175.090000	
175.750000	175.750000	
176.420000	176.420000	
177.080000	177.080000	
177.750000	177.750000	
178.420000	178.420000	
179.090000	179.090000	
179.750000	179.750000	
180.430000	180.430000	
181.090000	181.090000	
181.750000	181.750000	
182.420000	182.420000	
183.080000	183.080000	
183.750000	183.750000	
184.420000	184.420000	
185.090000	185.090000	
185.750000	185.750000	
186.410000	186.410000	
187.060000	187.060000	
187.740000	187.740000	
188.400000	188.400000	
189.070000	189.070000	
189.710000	189.710000	
190.350000	190.350000	
